0.000000000000000000e+00 0.000000000000000000e+00 4.057142857142856940e-01 4.467857142857142860e-01
0.000000000000000000e+00 0.000000000000000000e+00 4.527678571428566112e-01 4.460714285714286742e-01
0.000000000000000000e+00 0.000000000000000000e+00 4.512053571428567000e-01 4.464285714285714524e-01
0.000000000000000000e+00 0.000000000000000000e+00 4.536160714285709661e-01 4.483928571428572041e-01
0.000000000000000000e+00 0.000000000000000000e+00 4.564732142857138575e-01 4.526785714285714857e-01
0.000000000000000000e+00 0.000000000000000000e+00 4.562499999999996558e-01 4.464285714285713969e-01
0.000000000000000000e+00 0.000000000000000000e+00 4.586607142857140329e-01 4.535714285714286254e-01
0.000000000000000000e+00 0.000000000000000000e+00 4.663839285714285188e-01 4.551785714285714324e-01
0.000000000000000000e+00 0.000000000000000000e+00 4.762946428571427915e-01 4.649999999999998579e-01
0.000000000000000000e+00 0.000000000000000000e+00 4.932142857142860493e-01 4.671428571428572485e-01
0.000000000000000000e+00 0.000000000000000000e+00 5.079464285714285765e-01 4.825000000000000955e-01
1.562500000000000087e-03 0.000000000000000000e+00 5.505803571428572463e-01 5.244642857142857162e-01
9.062499999999999375e-03 2.500000000000000052e-03 6.128125000000003153e-01 5.717857142857143415e-01
3.250000000000000111e-02 2.500000000000000052e-03 6.733035714285715567e-01 5.832142857142857961e-01
9.093750000000000444e-02 7.499999999999999722e-03 7.362053571428570642e-01 6.532142857142858583e-01
1.662500000000000089e-01 2.624999999999999903e-02 7.902678571428569665e-01 7.028571428571426249e-01
2.809375000000000067e-01 3.749999999999999861e-02 8.403571428571424695e-01 7.317857142857142616e-01
3.740625000000000200e-01 4.750000000000000056e-02 8.747321428571425139e-01 7.580357142857144792e-01
4.765625000000000000e-01 3.624999999999999750e-02 9.001785714285714946e-01 7.523214285714289185e-01
5.665624999999999689e-01 6.625000000000000333e-02 9.218749999999998890e-01 7.889285714285714235e-01
6.450000000000000178e-01 1.224999999999999978e-01 9.381249999999997646e-01 8.041071428571426871e-01
7.121874999999999734e-01 1.337500000000000078e-01 9.518749999999998046e-01 8.108928571428570820e-01
7.440624999999999600e-01 1.762499999999999900e-01 9.580803571428567755e-01 8.287500000000000977e-01
8.078125000000000444e-01 1.387500000000000122e-01 9.693749999999999867e-01 8.007142857142856007e-01
8.368750000000000355e-01 1.962500000000000078e-01 9.744642857142860048e-01 8.342857142857141861e-01
8.603125000000000355e-01 2.437499999999999944e-01 9.784374999999998490e-01 8.516071428571430069e-01
9.003124999999999600e-01 1.700000000000000122e-01 9.847767857142848413e-01 8.235714285714282878e-01
9.143750000000000488e-01 2.500000000000000000e-01 9.866517857142845793e-01 8.514285714285715345e-01
9.209374999999999645e-01 2.074999999999999900e-01 9.877678571428561982e-01 8.392857142857141906e-01
9.296875000000000000e-01 2.712499999999999911e-01 9.891964285714277549e-01 8.562499999999999556e-01
9.428125000000000533e-01 2.112499999999999933e-01 9.913392857142854231e-01 8.419642857142857206e-01
9.481249999999999956e-01 2.449999999999999956e-01 9.920535714285708684e-01 8.489285714285712547e-01
9.528124999999999512e-01 1.749999999999999889e-01 9.929017857142841130e-01 8.389285714285712459e-01
9.621874999999999734e-01 2.412499999999999922e-01 9.942857142857133290e-01 8.466071428571431134e-01
9.512500000000000400e-01 2.500000000000000000e-01 9.926785714285708551e-01 8.500000000000003109e-01
9.556249999999999467e-01 2.237500000000000044e-01 9.930803571428562515e-01 8.380357142857144392e-01
9.593749999999999778e-01 2.487499999999999989e-01 9.937946428571419188e-01 8.528571428571430912e-01
9.712499999999999467e-01 2.662499999999999867e-01 9.955803571428564203e-01 8.526785714285715079e-01
9.678124999999999645e-01 3.187499999999999778e-01 9.951785714285699136e-01 8.646428571428569354e-01
9.615624999999999867e-01 2.924999999999999822e-01 9.942857142857132180e-01 8.680357142857140218e-01
9.746875000000000400e-01 2.625000000000000111e-01 9.961607142857134001e-01 8.578571428571426516e-01
9.599999999999999645e-01 2.849999999999999756e-01 9.940178571428563981e-01 8.633928571428570731e-01
9.790624999999999467e-01 3.150000000000000022e-01 9.968749999999991784e-01 8.707142857142858849e-01
9.656249999999999556e-01 2.212500000000000022e-01 9.949553571428559895e-01 8.339285714285713524e-01
9.615624999999999867e-01 2.562499999999999778e-01 9.939732142857131691e-01 8.596428571428572640e-01
9.637499999999999956e-01 2.462499999999999967e-01 9.945982142857137109e-01 8.551785714285717876e-01
9.618750000000000355e-01 2.712499999999999911e-01 9.942857142857139952e-01 8.564285714285714279e-01
9.784374999999999600e-01 2.474999999999999978e-01 9.965624999999992406e-01 8.571428571428572063e-01
9.803125000000000311e-01 2.987500000000000155e-01 9.969642857142853032e-01 8.692857142857143282e-01
9.806249999999999689e-01 2.424999999999999933e-01 9.970535714285709838e-01 8.433928571428568333e-01
